800 800
449 406
225 524
57 755
669 54
444 100
408 702
313 148
623 365
63 252
466 151
348 184
637 107
200 353
204 378
375 518
38 47
387 451
30 82
609 615
35 517
467 532
467 138
420 354
447 437
658 786
31 462
48 447
699 695
46 241
30 52
171 362
683 637
234 33
382 445
318 178
7 388
194 568
169 470
94 742
629 690
120 774
87 597
717 23
420 705
40 609
266 222
391 345
374 92
45 129
563 264
80 279
226 446
218 734
683 146
299 444
525 236
254 149
25 565
260 264
255 391
606 6
367 378
775 1
110 659
271 267
774 151
546 700
455 213
311 377
528 656
541 40
624 141
787 21
199 163
562 545
400 531
277 763
777 148
168 351
602 270
545 131
295 790
622 338
69 564
65 303
696 728
121 321
12 448
204 322
226 586
758 122
67 781
516 130
100 709
601 74
209 111
51 212
627 83
112 124
248 227
256 721
724 458
150 42
141 108
630 562
287 733
458 148
403 581
419 421
519 506
209 724
731 726
572 466
290 608
595 233
587 470
423 755
37 82
427 260
705 785
783 545
292 114
362 677
191 62
485 8
128 114
160 214
61 41
473 15
430 584
422 766
529 724
698 234
711 692
680 413
340 200
647 601
580 77
330 221
149 34
644 714
170 270
674 627
389 316
75 372
51 171
449 716
292 720
75 251
756 509
277 586
218 695
533 411
702 718
35 280
733 459
585 191
231 397
654 146
334 188
487 166
232 422
5 126
166 687
472 291
390 764
248 232
687 780
27 526
7 120
697 796
517 677
122 695
73 777
69 363
490 16
139 151
164 454
119 653
686 591
343 240
265 527
213 454
770 482
528 440
775 752
560 602
222 253
769 376
750 692
441 580
522 654
477 660
391 102
310 346
122 81
368 528
553 7
592 173
111 635
353 525
438 777
514 624
706 36
362 523
238 33
599 34
426 593
200 636
333 641
118 481
473 542
795 568
315 17
506 90
57 602
513 193
618 49
205 295
672 28
521 197
249 241
790 41
20 749
401 294
725 428
652 706
428 107
679 547
373 146
738 625
796 694
217 439
304 57
775 602
142 294
70 203
407 391
19 18
469 630
487 375
205 207
498 249
239 740
742 268
330 790
295 652
248 37
402 7
46 779
569 789
192 539
780 163
66 74
0 285
789 772
110 30
576 611
772 33
185 665
88 567
341 530
623 670
746 126
241 467
729 308
708 672
377 787
271 670
791 562
678 167
337 437
416 400
300 190
187 80
428 104
723 539
769 773
21 270
97 657
555 703
347 667
674 445
552 635
471 461
700 305
788 36
547 88
110 16
100 164
119 610
131 118
416 148
56 121
621 160
556 43
68 127
270 268
214 505
74 649
362 22
494 214
674 205
770 187
575 57
278 557
2 226
557 427
764 341
266 552
776 712
632 761
555 209
504 589
346 413
420 437
775 320
400 300
210 621
764 793
87 139
221 775
164 629
151 657
323 5
630 551
715 688
61 168
444 625
88 110
381 136
675 667
786 172
298 779
703 685
384 693
679 316
36 332
762 735
164 279
120 322
784 539
406 117
150 709
589 592
497 574
194 678
645 587
67 492
258 130
590 447
723 518
18 141
284 617
345 202
701 559
576 121
751 155
494 314
797 104
760 459
735 158
46 573
719 122
630 227
314 627
93 4
190 327
455 343
146 91
99 348
717 370
310 635
517 465
53 381
54 211
119 653
792 303
627 723
260 197
448 461
558 454
32 295
425 205
182 383
660 723
730 777
611 204
699 652
409 746
18 603
105 98
723 763
131 464
719 475
524 60
38 360
76 765
439 330
259 263
92 404
343 290
553 129
536 585
48 649
177 312
577 114
480 588
787 798
771 486
689 510
295 181
306 326
329 621
47 607
149 727
444 595
164 111
687 315
104 316
263 592
452 192
367 382
580 534
491 126
323 172
683 388
263 175
218 467
300 546
85 770
275 545
513 279
445 584
386 492
264 24
183 236
162 138
305 765
645 415
685 376
92 74
202 590
387 586
493 154
289 179
496 185
648 62
351 266
302 568
226 796
739 313
595 396
93 264
269 567
281 154
408 443
203 147
414 606
235 284
269 200
313 471
184 439
592 119
711 255
340 680
614 281
762 324
439 142
775 547
157 10
42 573
408 720
689 424
235 120
328 583
442 567
680 528
449 784
294 448
320 607
201 197
140 287
548 331
285 294
635 125
397 718
385 312
778 584
137 697
46 359
732 101
544 563
766 656
449 319
86 248
624 722
530 540
288 251
108 434
764 487
75 199
730 470
6 381
621 349
200 303
104 197
37 458
290 213
486 336
720 248
577 379
129 335
367 358
50 97
265 562
701 262
326 311
253 481
455 101
400 469
95 334
24 687
26 251
718 279
774 344
175 738
689 796
317 435
561 373
470 249
222 166
776 716
355 560
658 743
290 26
382 93
445 415
458 640
773 42
460 52
250 540
658 528
336 459
305 798
399 335
779 190
62 377
146 495
477 498
615 72
457 279
31 595
197 79
165 129
559 397
165 201
508 723
749 629
213 229
537 116
529 217
351 181
157 480
48 155
19 70
269 580
744 210
195 51
207 395
220 596
380 420
193 148
270 63
77 336
213 623
638 189
718 40
245 361
114 351
574 708
790 760
643 295
309 146
608 594
132 1
694 279
125 715
148 737
498 630
143 603
27 668
400 385
463 434
252 61
787 629
53 25
650 338
45 647
792 370
254 5
587 249
435 619
177 270
424 88
60 759
677 50
354 610
231 242
273 471
442 112
205 561
423 178
573 436
422 527
712 241
612 310
304 455
787 64
687 550
401 343
9 683
481 411
626 420
549 301
461 403
155 567
287 458
455 548
562 625
504 240
17 454
61 33
133 792
629 16
230 274
652 201
94 405
393 194
256 602
316 605
670 371
120 94
443 351
645 75
8 27
621 7
683 249
487 99
279 442
269 112
416 119
534 790
368 585
287 794
373 130
714 633
67 131
424 74
488 742
309 484
629 393
621 605
518 365
774 337
666 396
112 26
746 186
7 576
464 160
777 33
714 587
356 106
93 785
410 777
502 489
351 519
487 668
729 748
320 314
304 780
739 774
662 503
733 73
197 202
112 22
224 350
679 448
381 136
756 744
466 208
140 91
389 204
55 204
254 306
483 421
654 121
591 251
250 268
637 739
274 229
139 361
529 294
199 368
26 763
370 421
450 632
113 741
39 491
22 663
415 299
777 581
170 349
523 17
281 403
565 387
201 525
628 233
767 721
495 394
153 774
480 777
72 324
742 128
304 363
718 518
776 285
324 51
146 731
496 445
5 520
296 602
117 603
488 672
206 344
783 325
451 522
591 80
698 678
99 792
316 54
435 422
740 316
609 405
396 465
581 499
278 680
601 379
421 84
19 94
7 82
131 580
301 584
436 241
241 95
503 19
123 269
95 639
691 500
474 416
780 773
82 228
489 3
299 551
251 646
366 230
776 34
310 263
504 494
8 647
508 60
627 459
715 715
212 507
221 117
185 670
647 162
697 698
340 763
222 627
747 172
252 362
16 171
705 679
159 103
517 371
391 368
498 365
657 523
37 543
76 782
731 128
631 662
777 258
538 536
542 283
696 697
238 36
651 765
656 668
187 4
427 215
50 567
579 178
94 232
449 758
80 413
657 224
225 51
463 758
420 402
4 377
116 788
749 745
778 573
183 114
778 441
513 347
233 240
184 375
566 445
405 418
277 356
622 469
165 284
576 739
41 775
77 795
773 549
209 196
311 656
592 753
273 14
104 648
402 676
392 253
475 416
496 154
138 303
270 195
26 572
630 710
770 86
579 71
431 706
215 577
746 169
109 606
167 798
121 323
443 403
579 161
304 421
315 768
132 271
395 344
306 787
557 723
18 149
61 352
653 645
127 699
345 698
33 487
416 42
136 437
196 214
255 420
144 77
417 678
717 621
351 410
184 796
407 470
162 1
339 1
399 28
113 666
320 210
660 281
626 756
32 343
377 752
609 420
199 381
352 307
206 131
70 637
197 485
718 549
734 518
693 343
122 565
208 209
449 183
342 292
410 775
731 419
231 704
723 479
61 155
204 120
171 156
97 744
776 239
477 115
319 639
485 785
475 171
115 172
697 363
280 88
91 486
483 617
289 252
549 548
77 680
51 719
91 126
116 232
138 218
284 468
710 504
507 561
392 590
380 627
325 309
276 455
759 630
248 27
159 145
518 82
479 129
152 645
287 414
229 212
150 659
10 381
634 240
620 563
417 384
630 165
159 288
453 233
16 251
623 679
45 309
542 302
449 112
519 691
223 404
597 558
663 168
222 396
653 364
578 107
482 658
298 527
211 780
704 376
111 707
142 416
147 265
374 330
290 393
106 385
481 61
202 248
54 72
593 47
552 227
659 419
570 640
293 634
766 298
572 761
347 775
554 214
175 385
663 585
409 624
263 750
698 786
291 371
731 749
118 470
405 795
97 352
749 347
553 3
284 176
441 785
652 752
437 579
463 427
581 22
109 473
3 539
531 703
241 229
663 422
129 644
716 303
250 366
58 700
363 384
564 240
317 630
469 392
430 304
114 3
439 731
717 758
765 670
604 565
108 186
719 575
523 212
481 589
665 5
410 545
310 369
289 742
99 433
4 355
140 791
354 65
12 242
247 657
336 632
66 193
560 327
541 34
359 336
740 273
280 415
785 306
350 66
145 383
263 250
302 166
549 105
305 354
100 407
214 275
432 15
592 299
698 263
156 540
600 24
172 368
582 36
393 177
416 322
608 278
329 313
394 436
113 653
487 245
117 55
21 549
232 33
724 84
458 291
351 60
710 529
624 798
347 353
384 212
594 470
233 722
113 265
662 627
542 728
343 524
548 218
556 554
370 34
172 447
301 423
504 724
775 2
30 666
242 789
739 680
114 478
615 13
551 391
169 265
45 669
795 75
114 670
669 584
444 102
556 399
408 8
501 155
393 781
96 93
309 281
494 667
486 79
1 488
487 182
350 110
496 770
30 696
599 161
91 792
794 584
719 658
655 503
640 146
795 751
738 187
704 168
161 479
364 533
507 338
421 28
27 364
157 604
495 39
274 408
664 82
268 755
335 145
686 57
654 1
126 604
334 550
629 28
698 188
455 499
597 796
580 697
202 760
124 147
188 85
13 400
793 568
641 80
153 48
260 725
772 293
269 485
3 105
344 797
653 343
127 338
25 23
69 551
278 655
601 544
569 710
195 680
310 634
627 249
515 157
76 792
612 692
51 307
632 81
208 559
347 46
696 473
389 746
142 368
369 62
132 188
294 55
306 13
511 206
669 646
455 258
604 585
431 445
415 691
526 205
680 466
618 464
347 641
482 653
199 153
507 681
257 508
339 454
222 151
2 538
7 470
450 742
680 373
286 394
332 354
340 312
340 352
91 178
536 644
194 397
134 650
572 492
70 613
405 279
116 16
135 344
282 673
90 282
437 280
580 518
351 190
101 168
444 778
661 467
257 56
788 337
565 3
421 232
339 149
272 688
397 51
612 396
50 27
635 62
410 504
179 284
240 655
175 488
620 763
518 159
588 429
724 728
665 80
753 459
207 688
663 344
87 426
176 790
102 505
393 366
289 83
242 610
566 503
742 106
694 119
247 466
580 596
119 414
326 106
747 99
394 357
150 375
313 402
83 32
521 554
478 468
636 475
348 563
586 114
529 659
98 741
72 369
499 370
743 578
50 576
447 707
217 442
169 421
94 672
587 364
3 191
260 781
799 599
597 192
541 677
702 40
181 146
189 701
469 19
107 313
408 271
239 487
57 135
198 342
91 79
743 611
83 132
266 548
630 498
326 270
423 315
387 734
702 12
31 93
21 195
670 611
286 306
245 448
382 113
25 103
60 413
785 141
185 525
447 788
17 695
733 594
5 548
667 177
168 85
264 143
248 552
712 5
726 673
631 275
315 591
59 767
50 257
417 67
127 685
20 631
702 608
181 447
788 48
15 90
352 630
131 503
0 43
791 693
724 728
348 194
362 644
637 416
3 693
600 498
657 624
694 240
149 48
566 439
523 231
481 297
33 174
227 513
528 312
749 610
94 376
297 84
194 149
298 609
627 505
383 451
289 698
218 700
364 82
258 234
578 275
243 661
522 223
350 273
744 798
192 777
61 35
510 789
435 121
501 746
517 502
717 120
189 215
566 0
272 605
116 202
42 301
332 349
523 719
238 248
519 37
272 375
339 445
411 221
728 320
21 317
716 784
595 580
717 503
218 663
787 303
280 526
665 383
788 241
659 223
439 162
183 413
103 425
350 220
618 506
17 633
418 100
138 696
92 347
104 636
530 239
248 401
513 245
372 98
17 597
497 110
47 28
253 521
618 264
446 450
694 25
15 453
425 484
393 178
398 372
292 158
444 84
657 513
768 727
775 506
122 479
121 273
92 471
774 284
589 715
658 415
744 715
215 447
606 153
570 170
249 716
547 600
216 259
397 642
311 682
105 323
514 116
183 655
284 95
277 220
653 23
624 607
30 362
661 782
340 705
530 35
201 549
365 689
294 12
219 799
58 100
738 401
254 224
19 773
109 261
309 267
434 590
150 7
452 302
328 6
388 278
328 396
771 586
778 711
745 587
785 627
6 513
70 733
754 727
796 500
383 237
409 726
310 657
477 158
3 167
577 575
317 280
622 500
194 719
687 501
749 293
515 208
62 19
365 578
568 236
354 460
442 683
530 121
695 249
364 273
549 777
394 594
577 656
99 442
296 75
606 67
84 499
63 110
0 777
239 786
719 530
615 578
288 265
189 313
661 238
532 322
628 272
646 66
617 707
574 187
436 74
449 509
347 665
58 563
340 94
246 755
53 107
404 451
686 102
340 99
559 446
418 93
661 29
422 357
128 61
372 568
357 53
665 260
55 409
360 751
112 671
10 75
605 118
188 197
427 432
154 140
251 782
755 491
779 678
692 516
635 395
595 144
92 234
334 505
595 489
163 216
648 639
527 723
348 559
561 628
349 615
680 396
51 520
402 680
302 705
482 734
465 67
723 79
314 288
259 690
178 714
602 632
193 492
76 313
86 282
199 400
685 466
88 33
33 700
343 8
785 653
477 575
687 250
629 218
367 475
595 428
319 584
365 283
576 436
308 442
368 400
332 283
218 268
0 736
197 285
269 15
490 113
668 166
409 599
6 284
543 257
508 240
602 100
611 22
31 99
361 577
449 598
700 257
451 412
667 496
679 61
533 564
518 452
326 27
194 599
565 311
236 766
633 571
418 484
315 603
285 184
408 324
59 51
563 134
584 411
537 506
287 495
395 646
454 358
310 426
433 730
674 520
60 569
344 6
609 615
327 301
52 796
283 787
652 708
165 607
367 117
703 659
257 237
16 63
294 3
712 753
676 479
22 593
744 595
775 741
95 668
148 656
388 413
796 416
305 98
749 256
68 511
700 717
177 699
95 70
573 130
414 471
733 681
103 591
432 6
294 734
664 79
655 742
411 334
657 395
149 208
31 628
733 228
198 605
122 78
385 99
658 632
374 96
434 484
582 343
239 396
440 172
484 77
16 776
620 498
753 256
675 310
325 559
243 98
479 323
762 178
240 587
395 203
309 281
631 128
203 468
765 263
43 153
597 578
290 386
534 181
129 115
532 387
449 85
687 667
764 369
358 327
517 327
77 748
44 511
605 738
593 576
385 466
204 566
497 761
178 503
531 199
715 271
691 265
199 49
506 680
597 381
706 58
741 409
233 273
214 141
318 250
612 453
657 269
755 29
778 317
475 449
635 422
498 599
477 480
171 425
612 358
188 259
752 476
264 434
594 364
19 437
235 359
446 160
260 614
76 761
460 261
204 244
235 757
175 174
230 9
219 271
333 91
45 198
533 258
355 42
445 616
633 455
403 605
464 68
290 392
749 396
742 167
157 667
760 404
403 743
198 533
615 145
394 537
460 208
118 385
493 490
583 718
430 436
9 309
154 407
433 253
538 310
680 764
481 399
91 601
533 55
600 583
50 594
60 1
341 412
565 33
472 743
319 764
697 501
359 414
425 392
363 489
212 38
272 65
648 77
288 166
366 437
39 123
6 550
230 670
456 132
268 92
362 603
769 553
6 135
52 44
633 131
777 791
457 94
353 439
71 338
660 664
208 42
512 414
94 576
664 83
391 786
537 263
597 685
452 218
27 377
2 295
548 435
342 224
685 588
158 481
431 770
745 384
590 794
513 705
212 313
419 608
716 54
373 559
549 554
679 273
195 418
301 256
537 649
720 270
71 20
428 388
372 151
759 515
220 638
502 747
548 297
552 151
423 78
142 732
659 388
534 571
490 353
572 788
67 53
478 103
643 546
245 481
179 610
463 234
717 372
320 219
345 569
206 625
334 196
413 137
312 91
141 393
411 510
587 76
218 715
45 133
169 565
477 135
230 102
49 645
542 28
335 180
232 95
466 365
316 136
208 643
686 584
404 119
437 707
500 204
189 399
378 794
57 271
324 434
291 733
91 337
761 443
82 798
432 476
583 556
193 394
97 623
519 565
793 397
442 497
240 692
159 271
516 364
449 136
185 91
714 257
253 1
718 106
320 602
197 584
68 739
749 614
466 797
452 450
93 286
263 581
14 699
9 141
737 784
411 441
114 501
630 327
715 324
227 138
515 507
179 737
336 572
606 158
347 41
361 535
116 135
607 536
402 766
164 761
15 334
500 483
594 419
747 602
398 744
542 393
236 108
581 114
793 579
3 682
140 546
43 553
235 80
459 732
339 466
569 593
691 457
427 295
503 50
546 348
693 607
527 68
240 792
483 714
435 285
448 678
408 539
778 570
164 542
735 668
794 659
658 786
548 151
536 303
412 247
579 273
767 778
717 789
310 328
22 453
328 350
74 260
371 764
645 431
32 448
176 13
529 777
231 239
754 650
333 666
493 795
122 274
556 578
540 659
447 396
485 460
192 90
207 471
389 724
588 789
508 691
775 297
425 648
302 795
655 484
577 587
469 514
84 472
471 184
743 59
192 219
169 735
664 612
342 242
254 72
572 614
243 766
687 103
31 310
33 80
64 460
190 648
83 228
794 566
284 785
83 677
94 178
140 49
441 676
329 313
113 255
155 105
55 85
464 480
504 607
70 12
378 579
7 548
638 121
213 442
337 496
14 686
111 242
147 679
287 629
127 259
698 350
41 759
592 359
526 292
525 137
420 325
556 252
310 389
745 778
94 395
710 422
491 198
14 768
409 628
563 78
721 514
3 667
200 665
736 642
598 281
567 773
772 507
664 774
223 120
552 256
387 308
410 750
425 404
637 388
244 442
362 99
36 432
140 261
264 461
793 55
740 261
196 718
218 533
59 352
246 598
511 351
561 431
564 289
211 720
666 280
276 488
559 208
374 166
418 608
400 387
480 522
745 520
220 688
581 489
724 277
576 677
540 92
701 534
769 583
228 443
425 73
594 246
412 235
757 577
737 681
123 477
361 641
707 47
271 463
480 296
413 444
183 435
427 516
666 22
218 667
660 182
603 252
39 73
4 408
605 649
218 241
438 5
280 659
430 241
293 551
52 511
544 350
687 242
590 657
429 161
27 575
273 447
346 726
652 138
484 332
166 780
709 239
445 617
608 10
526 568
328 790
347 744
494 269
788 447
649 332
213 390
0 757
426 385
543 542
725 704
631 81
626 490
109 287
760 177
750 575
378 310
262 291
755 381
623 232
762 498
758 702
449 206
108 17
409 312
334 743
763 93
466 762
727 792
87 577
101 191
54 683
416 383
433 755
631 592
185 417
654 43
466 30
743 385
635 57
192 65
312 399
623 334
358 563
597 753
430 503
324 490
636 96
149 526
594 398
112 427
460 700
446 42
680 253
263 211
179 760
377 658
672 56
447 363
159 180
381 258
282 630
78 167
396 586
734 199
495 147
401 492
216 738
420 474
186 509
186 789
151 70
362 207
577 768
788 326
446 85
108 482
695 428
239 108
429 511
681 694
274 393
347 179
512 528
494 508
614 357
513 251
244 65
229 496
278 299
641 625
362 270
172 97
404 346
322 175
450 634
648 408
31 526
216 153
45 710
648 546
94 372
151 313
365 309
208 745
197 542
673 90
746 681
492 198
369 50
436 786
497 575
345 358
141 308
654 599
337 442
644 33
179 461
372 486
747 385
475 297
616 207
13 291
216 129
601 99
296 328
192 52
369 20
391 327
86 708
278 266
382 55
523 348
197 121
370 228
428 709
80 71
488 43
571 483
576 417
368 244
272 202
282 465
56 612
617 13
654 629
624 409
379 32
786 645
402 514
683 425
647 99
167 610
756 146
249 747
313 776
52 420
383 273
477 162
32 756
0 630
762 198
612 89
24 672
116 653
333 450
217 151
512 59
70 14
28 166
426 337
775 239
358 345
733 651
63 329
239 564
601 728
13 749
707 381
762 602
425 16
761 411
231 221
433 170
373 358
740 526
587 398
300 247
514 201
592 63
75 168
754 352
618 782
11 66
505 202
38 501
710 56
547 557
82 788
790 555
443 144
302 699
78 571
34 195
328 627
160 166
291 124
436 298
122 323
739 673
393 789
683 239
224 336
53 180
372 11
741 345
272 392
230 496
616 409
461 99
339 518
629 732
579 44
743 774
12 295
21 462
65 520
773 115
750 19
304 609
423 372
84 314
122 681
579 559
720 473
746 4
438 5
444 505
556 680
242 357
587 686
258 669
245 159
664 200
45 112
504 540
764 75
468 620
361 222
307 526
513 261
262 743
154 61
43 771
497 458
245 766
756 9
658 446
346 606
489 316
176 509
555 376
622 462
533 562
263 514
113 339
84 227
88 97
285 713
150 234
32 478
281 26
530 521
59 432
9 799
521 522
419 289
692 43
541 674
476 499
390 523
9 407
656 727
93 668
762 652
563 528
234 301
112 668
460 695
136 390
575 594
156 152
140 651
165 459
404 195
496 217
442 774
372 77
2 758
739 553
385 247
18 416
289 740
725 628
127 457
288 721
505 454
152 793
628 377
582 171
172 550
361 142
122 40
57 486
347 593
188 776
794 184
782 50
551 122
188 369
251 317
461 699
252 596
492 586
25 373
246 154
406 86
290 492
250 475
31 318
795 436
470 310
309 49
511 379
97 475
733 672
361 81
174 650
220 726
398 55
172 381
397 748
658 257
341 25
498 346
29 524
149 377
483 6
578 595
122 57
186 649
494 668
312 151
260 692
195 332
526 766
198 604
710 776
208 578
470 730
127 701
87 344
526 792
177 472
386 93
242 535
673 298
199 213
747 401
649 404
225 170
105 796
449 407
479 611
152 287
541 751
438 305
298 778
710 520
189 147
282 523
86 674
795 294
632 322
215 121
19 602
696 444
749 40
490 30
409 365
494 741
731 705
647 745
281 4
248 226
607 434
147 778
56 656
555 232
530 75
144 557
310 744
152 748
731 702
381 559
80 506
309 273
719 64
365 243
404 272
534 708
384 336
309 318
188 324
279 487
728 278
330 673
128 438
245 607
709 797
262 200
487 320
50 730
331 267
412 357
429 645
745 459
656 108
392 683
584 23
542 651
153 75
49 15
493 447
406 668
94 54
449 320
509 378
573 527
332 605
667 186
703 248
443 172
722 574
412 788
7 288
314 546
786 280
28 102
529 544
144 208
126 728
1 611
618 784
150 128
271 480
14 428
643 447
248 209
452 328
266 718
632 407
485 420
765 132
761 149
775 151
652 552
9 498
771 317
527 629
211 425
231 210
146 644
437 333
709 365
178 228
0 338
365 469
43 99
658 770
301 96
724 497
289 530
746 487
393 522
714 495
771 711
65 561
481 766
77 262
90 64
727 30
483 377
738 549
603 632
108 246
257 732
396 645
201 178
62 23
230 337
727 544
14 187
293 667
26 198
86 602
56 121
470 663
67 424
670 111
166 788
84 778
270 695
10 607
127 725
717 576
214 234
653 327
226 661
248 364
565 500
147 63
381 442
400 799
274 258
235 718
93 670
759 231
356 358
99 258
297 204
798 356
443 4
488 737
576 503
588 365
265 521
281 148
449 14
45 273
327 765
757 63
182 451
200 79
192 647
673 311
199 366
380 103
439 489
222 726
519 720
715 429
462 162
713 707
49 293
629 462
358 36
540 372
469 317
530 250
441 727
543 239
339 116
523 471
770 306
146 90
118 552
377 436
770 753
165 595
13 528
754 77
362 428
575 294
416 211
422 205
91 256
423 586
138 409
529 145
568 163
290 162
753 70
606 143
269 530
444 337
364 699
720 774
602 90
51 383
529 123
794 72
247 577
792 539
214 505
540 681
664 765
672 76
489 556
647 370
345 537
332 355
341 425
237 167
376 636
252 375
705 4
539 582
672 169
374 303
290 66
289 456
347 535
541 770
616 259
678 289
459 124
255 40
210 396
622 559
380 765
342 538
703 506
706 268
130 137
502 12
598 189
86 36
680 220
580 47
504 367
115 770
746 184
700 558
189 798
152 414
642 455
584 643
661 797
600 62
168 483
86 27
475 682
186 286
640 787
162 534
690 662
440 501
80 39
737 653
524 497
158 36
214 697
720 549
33 479
443 79
95 328
424 17
778 74
177 149
475 572
474 117
15 398
700 173
651 598
311 301
550 149
193 379
376 14
795 194
467 150
730 391
183 487
194 383
628 9
786 23
613 451
16 292
430 217
215 404
591 453
632 1
123 128
462 173
588 510
641 482
328 2
316 159
609 791
107 436
742 444
166 231
321 215
452 590
538 109
597 336
185 465
785 440
614 411
677 593
570 697
222 146
370 235
516 179
741 725
103 330
105 485
149 606
214 90
74 70
241 103
268 537
434 361
365 775
163 313
98 255
80 782
625 10
762 767
22 321
686 116
218 614
467 0
204 73
797 414
221 84
667 655
48 396
433 23
637 717
99 715
767 377
452 111
790 737
496 65
134 29
346 689
44 756
24 245
671 328
533 58
790 345
395 296
353 496
543 509
230 410
437 158
184 98
623 172
49 454
250 524
399 301
102 432
775 264
643 440
196 494
383 78
54 754
89 175
553 459
614 279
45 131
3 576
126 26
542 44
347 389
12 290
535 461
6 92
363 787
375 702
158 630
157 438
380 296
317 626
783 228
462 303
586 583
664 472
162 356
69 107
738 540
611 552
251 476
367 775
721 192
735 313
96 283
642 161
16 548
387 704
338 363
166 117
90 153
504 725
428 333
411 543
635 194
346 128
333 729
563 105
747 168
567 725
372 728
697 46
257 613
583 796
535 107
702 763
155 408
500 1
503 331
225 589
579 547
78 785
469 187
111 589
386 19
166 247
108 217
667 503
524 117
785 43
283 574
442 364
756 175
392 142
447 783
325 435
270 351
103 466
38 459
294 505
341 130
24 544
775 489
633 309
351 485
725 58
602 552
736 309
528 282
407 414
718 593
712 440
428 467
510 594
521 395
453 403
551 263
392 226
301 597
603 261
380 772
241 106
33 362
746 271
416 23
49 102
292 183
617 315
290 190
186 52
374 21
341 553
487 350
2 495
267 477
785 365
204 220
48 457
